initial: 6
0.19159 0.12148 0.25481 0.23062 0.14327 0.05824

transition: 6
0.26061 0.35206 0.12806 0.11714 0.08047 0.06166
0.08063 0.32636 0.35453 0.10804 0.07385 0.05657
0.07942 0.10761 0.35510 0.32512 0.07516 0.05759
0.08671 0.11758 0.12952 0.35581 0.24724 0.06314
0.09565 0.13029 0.14508 0.13302 0.28091 0.21506
0.28151 0.12830 0.14468 0.13284 0.09476 0.21791

observation: 6
0.43652 0.18890 0.11098 0.14255 0.08546 0.03559
0.34643 0.15601 0.17499 0.22793 0.06719 0.02745
0.31304 0.14166 0.16213 0.20333 0.12689 0.05294
0.30577 0.14128 0.16353 0.20058 0.13220 0.05664
0.19226 0.09035 0.21121 0.25415 0.17392 0.07811
0.25416 0.11595 0.13559 0.17244 0.22101 0.10085
