initial: 6
0.22215 0.12927 0.25245 0.22653 0.11748 0.05212

transition: 6
0.25992 0.37184 0.12456 0.11364 0.07677 0.05328
0.07978 0.34584 0.34731 0.10570 0.07197 0.04940
0.08091 0.11680 0.35413 0.32350 0.07378 0.05088
0.08868 0.12798 0.12949 0.35490 0.24302 0.05592
0.09938 0.14445 0.14739 0.13484 0.28066 0.19328
0.29440 0.14153 0.14546 0.13308 0.09234 0.19319

observation: 6
0.41679 0.21542 0.18192 0.14835 0.00682 0.03070
0.30279 0.16538 0.28193 0.22319 0.00507 0.02164
0.29548 0.15870 0.27560 0.21456 0.01028 0.04538
0.29058 0.15881 0.27894 0.21178 0.01073 0.04916
0.18458 0.10110 0.35910 0.27143 0.01461 0.06918
0.27239 0.14635 0.25266 0.20599 0.02118 0.10143
