initial: 6
0.14930 0.11472 0.25611 0.23688 0.18121 0.06179

transition: 6
0.25966 0.35141 0.12832 0.11742 0.08108 0.06211
0.08040 0.32581 0.35473 0.10813 0.07415 0.05678
0.07899 0.10723 0.35511 0.32525 0.07556 0.05786
0.08617 0.11707 0.12941 0.35566 0.24832 0.06337
0.09491 0.12961 0.14485 0.13287 0.28203 0.21571
0.28022 0.12794 0.14476 0.13297 0.09524 0.21887

observation: 6
0.42188 0.18973 0.11081 0.15013 0.08620 0.04126
0.33844 0.15471 0.17380 0.23468 0.06678 0.03160
0.30112 0.14061 0.16048 0.21097 0.12621 0.06060
0.29397 0.13994 0.16187 0.20802 0.13117 0.06503
0.18287 0.08871 0.20736 0.26166 0.17074 0.08867
0.24547 0.11386 0.13358 0.17605 0.21656 0.11448
