initial: 6
0.21854 0.12933 0.25415 0.22722 0.11862 0.05214

transition: 6
0.20621 0.35224 0.13731 0.13047 0.10665 0.06713
0.05924 0.31122 0.36185 0.11484 0.09469 0.05817
0.05792 0.09970 0.35411 0.33697 0.09277 0.05853
0.06100 0.10506 0.12432 0.35489 0.29311 0.06162
0.06802 0.11763 0.13995 0.13326 0.33176 0.20939
0.22128 0.12500 0.15229 0.14491 0.12064 0.23588

observation: 6
0.14643 0.13828 0.35137 0.13855 0.01952 0.20585
0.09082 0.08921 0.47141 0.20304 0.01444 0.13107
0.08136 0.07807 0.40161 0.17807 0.02604 0.23484
0.07941 0.07664 0.40066 0.17494 0.02570 0.24264
0.04213 0.04064 0.42740 0.19010 0.02863 0.27110
0.05802 0.05695 0.30926 0.13138 0.03926 0.40512
