initial: 6
0.16255 0.12850 0.25689 0.23527 0.16547 0.05132

transition: 6
0.22854 0.34704 0.13491 0.12613 0.09639 0.06700
0.06827 0.31061 0.36218 0.11291 0.08618 0.05985
0.06635 0.10196 0.35553 0.33241 0.08519 0.05857
0.07110 0.10930 0.12697 0.35614 0.27378 0.06270
0.07965 0.12349 0.14298 0.13367 0.30939 0.21083
0.24818 0.12964 0.15025 0.14045 0.10926 0.22222

observation: 6
0.22798 0.20170 0.20450 0.17812 0.13265 0.05503
0.16934 0.14682 0.29219 0.25091 0.09987 0.04088
0.15014 0.12802 0.25867 0.22110 0.16747 0.07459
0.14869 0.12565 0.25931 0.22228 0.16903 0.07504
0.08708 0.07208 0.30234 0.25786 0.19025 0.09039
0.12045 0.10003 0.21283 0.18224 0.25784 0.12660
